ZIP,15-24,25-44,45-64,65+
ZCTA5 00601,1.1,24.5,42.4,32
ZCTA5 00602,0.7,20.2,44,35.1
ZCTA5 00603,3.4,25.7,36.4,34.5
ZCTA5 00606,0.8,16.9,41.6,40.7
ZCTA5 00610,1.2,22.2,36.1,40.5
ZCTA5 00612,2.6,25.6,36.9,34.8
ZCTA5 00616,0.8,22.7,43.7,32.7
ZCTA5 00617,1.3,31,35.9,31.8
ZCTA5 00622,0.9,16.9,22.6,59.6
ZCTA5 00623,1.4,21.6,39.8,37.3
ZCTA5 00624,2.2,28,41,28.7
ZCTA5 00627,2,26.8,38.4,32.8
ZCTA5 00631,1.9,22.3,27.3,48.5
ZCTA5 00637,0.9,19.5,38.9,40.7
ZCTA5 00638,4.1,24.2,36.9,34.8
ZCTA5 00641,1,19.8,40,39.1
ZCTA5 00646,0.4,28.2,41.2,30.2
ZCTA5 00647,0,13.9,35.9,50.2
ZCTA5 00650,1.6,25.4,40.5,32.6
ZCTA5 00652,3.2,24.5,33.6,38.7
ZCTA5 00653,1,18.4,38.3,42.3
ZCTA5 00656,1.9,26.6,37.7,33.9
ZCTA5 00659,2.7,25.9,41.2,30.3
ZCTA5 00660,1.2,22.2,34.1,42.6
ZCTA5 00662,1.6,26.8,39.6,32
ZCTA5 00664,3,26.1,38.4,32.5
ZCTA5 00667,1.5,15.4,42.5,40.6
ZCTA5 00669,1.9,25.8,41,31.3
ZCTA5 00670,1.9,23.2,37.6,37.3
ZCTA5 00674,2.1,26.2,37.3,34.4
ZCTA5 00676,1.7,28.1,42.1,28.1
ZCTA5 00677,0.4,13.8,42.8,43
ZCTA5 00678,1.5,29.7,36.1,32.8
ZCTA5 00680,6.5,21.7,31.6,40.2
ZCTA5 00682,10.6,21.2,31.7,36.5
ZCTA5 00683,1.9,18.8,36.9,42.4
ZCTA5 00685,1.3,23.8,36.5,38.4
ZCTA5 00687,1.2,29.3,40.3,29.3
ZCTA5 00688,2.7,24.4,41.7,31.3
ZCTA5 00690,1.7,27.4,43.1,27.7
ZCTA5 00692,1.9,29.8,37.6,30.7
ZCTA5 00693,2,24.8,38.5,34.7
ZCTA5 00694,0,0,0,100
ZCTA5 00698,0.4,15.2,43.8,40.6
ZCTA5 00703,0.9,27.5,35.9,35.7
ZCTA5 00704,2.6,33.5,34.3,29.6
ZCTA5 00705,1.8,22.7,40.4,35.1
ZCTA5 00707,0,22.6,34.9,42.5
ZCTA5 00714,1,25.9,38.8,34.3
ZCTA5 00715,1.8,11.9,43.6,42.6
ZCTA5 00716,2.7,22.6,36.2,38.5
ZCTA5 00717,4.4,26.3,29.1,40.2
ZCTA5 00718,1.4,24.9,44.6,29.1
ZCTA5 00719,0.5,18.4,42.8,38.3
ZCTA5 00720,2.9,25.3,39.3,32.6
ZCTA5 00723,1.5,22.1,39.8,36.6
ZCTA5 00725,1.8,25,38.1,35.1
ZCTA5 00727,1.3,28.8,40.2,29.7
ZCTA5 00728,2.2,26.4,36.5,34.9
ZCTA5 00729,0.9,25.9,43.8,29.4
ZCTA5 00730,2.3,27,36.3,34.4
ZCTA5 00731,1.9,22.5,44.8,30.7
ZCTA5 00735,2.2,26,29.6,42.2
ZCTA5 00736,1.6,24.6,38.6,35.1
ZCTA5 00738,1.9,23.5,38.6,36
ZCTA5 00739,1.1,23.4,43.5,32
ZCTA5 00740,5.8,42,25.3,26.9
ZCTA5 00741,0.8,12.9,56.6,29.8
ZCTA5 00745,1.3,24.4,39.8,34.5
ZCTA5 00751,0.8,25.7,36.2,37.3
ZCTA5 00754,2.1,28.5,37.1,32.3
ZCTA5 00757,1.7,32.1,37.1,29.2
ZCTA5 00765,0.5,17.9,36.6,44.9
ZCTA5 00766,1.9,25.3,43.3,29.5
ZCTA5 00767,1.3,22,40.2,36.5
ZCTA5 00769,0.5,25.5,40.7,33.3
ZCTA5 00771,1,27.4,38.7,32.9
ZCTA5 00772,1.9,23.9,40.2,34
ZCTA5 00773,2.1,22.8,38.5,36.6
ZCTA5 00775,0.6,23,30.6,45.8
ZCTA5 00777,1.5,32.1,37.3,29.1
ZCTA5 00778,0.9,30.1,41.8,27.2
ZCTA5 00780,0,28.5,40.3,31.2
ZCTA5 00782,1.4,22.4,37.1,39.1
ZCTA5 00783,1.1,22.6,44.5,31.8
ZCTA5 00784,3.5,23.7,40.3,32.5
ZCTA5 00786,0,0,49.5,50.5
ZCTA5 00791,2,23.5,37.9,36.5
ZCTA5 00794,2.6,24.3,41.7,31.4
ZCTA5 00795,1.7,27.6,40.4,30.3
ZCTA5 00901,2.6,25.4,41.7,30.2
ZCTA5 00906,0,89.6,5.2,5.2
ZCTA5 00907,1.7,23.1,40.9,34.3
ZCTA5 00909,3.7,29.8,36.8,29.7
ZCTA5 00911,1.4,25.5,40.7,32.4
ZCTA5 00912,3.9,22.7,37.7,35.7
ZCTA5 00913,9,39.4,33.1,18.5
ZCTA5 00915,2.8,26.6,40.5,30.1
ZCTA5 00917,1.9,21.7,39.1,37.3
ZCTA5 00918,4.5,26.1,32.6,36.8
ZCTA5 00920,1.8,22.1,37.4,38.6
ZCTA5 00921,3.4,29.7,36.2,30.7
ZCTA5 00923,2.9,25.8,37,34.3
ZCTA5 00924,4.8,30.4,32.6,32.2
ZCTA5 00925,16.4,29.1,31.2,23.2
ZCTA5 00926,1.8,26.1,37.9,34.2
ZCTA5 00927,4.3,25.1,35.8,34.8
ZCTA5 00934,0,0,100,0
ZCTA5 00936,-,-,-,-
ZCTA5 00949,1.1,28.2,38.7,32
ZCTA5 00950,-,-,-,-
ZCTA5 00951,-,-,-,-
ZCTA5 00952,1.3,18.7,43,37
ZCTA5 00953,0.6,27.3,46.9,25.2
ZCTA5 00956,2.7,26.2,35.5,35.6
ZCTA5 00957,2.6,25.7,35.8,35.9
ZCTA5 00959,1.9,28,37.8,32.3
ZCTA5 00960,-,-,-,-
ZCTA5 00961,1.7,24,39.3,35.1
ZCTA5 00962,1.1,28,37.6,33.3
ZCTA5 00965,1.1,16.4,41.8,40.7
ZCTA5 00966,0.3,20.8,38.5,40.5
ZCTA5 00968,0,18.5,34.4,47.1
ZCTA5 00969,1.1,25.1,40.8,33
ZCTA5 00971,1.6,21.4,38.8,38.2
ZCTA5 00976,0.9,28.7,37.5,32.9
ZCTA5 00979,3.2,22.4,39.7,34.7
ZCTA5 00982,1.1,24.5,34.6,39.8
ZCTA5 00983,2.6,29,31.5,36.9
ZCTA5 00985,1.2,24.1,35.4,39.3
ZCTA5 00987,0.9,29.1,39.8,30.2
ZCTA5 01001,1.3,26.1,39,33.6
ZCTA5 01002,22.1,25.3,27.2,25.5
ZCTA5 01003,57.1,0,33.3,9.5
ZCTA5 01005,0.9,16.8,50.9,31.4
ZCTA5 01007,2.6,25.1,47.6,24.7
ZCTA5 01008,0.4,22,43.5,34.1
ZCTA5 01009,0,32.5,36.8,30.7
ZCTA5 01010,0,21.1,45.7,33.2
ZCTA5 01011,0.4,23,47.9,28.7
ZCTA5 01012,0,21.7,41.5,36.8
ZCTA5 01013,3,36.4,37,23.5
ZCTA5 01020,0.6,27.9,39.4,32.1
ZCTA5 01022,0,30.8,28.8,40.5
ZCTA5 01026,1.1,19,44.4,35.5
ZCTA5 01027,1.2,29,41.8,28
ZCTA5 01028,1,22.4,41.4,35.2
ZCTA5 01029,0,25.6,51.3,23.1
ZCTA5 01030,1.9,23.2,46.9,28.1
ZCTA5 01031,2.6,24.6,46.4,26.4
ZCTA5 01032,0,7.7,73.1,19.2
ZCTA5 01033,2,23.5,46,28.6
ZCTA5 01034,0.7,23.9,44,31.5
ZCTA5 01035,0,26.5,39.4,34.1
ZCTA5 01036,0,16.2,47.3,36.6
ZCTA5 01037,0,17.6,50,32.4
ZCTA5 01038,1.1,23.5,42.5,32.9
ZCTA5 01039,0,14.4,58,27.6
ZCTA5 01040,3.7,35.9,36.9,23.5
ZCTA5 01050,5.8,22.8,44.1,27.3
ZCTA5 01053,6,12.2,56.1,25.7
ZCTA5 01054,1.4,22.6,39.2,36.8
ZCTA5 01056,1,25.3,42.5,31.2
ZCTA5 01057,1.9,19.6,48.7,29.8
ZCTA5 01060,5,35,36.1,24
ZCTA5 01062,0.6,26.3,41.4,31.7
ZCTA5 01063,-,-,-,-
ZCTA5 01066,0,0,0,100
ZCTA5 01068,1.3,17.3,57.1,24.3
ZCTA5 01069,4,21.6,45.9,28.6
ZCTA5 01070,1,17.6,41.6,39.9
ZCTA5 01071,0.6,25.7,49.6,24.1
ZCTA5 01072,0.6,22.2,46.2,31
ZCTA5 01073,0,24.2,46.5,29.3
ZCTA5 01074,0,13.7,86.3,0
ZCTA5 01075,0.8,26.9,37.7,34.6
ZCTA5 01077,0.7,23.3,41,35.1
ZCTA5 01079,0,20.2,49.4,30.4
ZCTA5 01080,2.3,45.1,36.8,15.8
ZCTA5 01081,3.7,23.7,47,25.7
ZCTA5 01082,2.3,29.9,38.9,28.8
ZCTA5 01083,0,36.2,47.7,16
ZCTA5 01084,6.7,13.3,42.7,37.3
ZCTA5 01085,3.6,27.6,40.3,28.5
ZCTA5 01086,-,-,-,-
ZCTA5 01088,5.4,21.9,57,15.7
ZCTA5 01089,2.4,31.5,41.7,24.4
ZCTA5 01092,5.6,35.6,39.9,18.9
ZCTA5 01093,0,13.7,41,45.3
ZCTA5 01094,0,13.7,29.3,57.1
ZCTA5 01095,0,22.9,42.5,34.6
ZCTA5 01096,3.1,21.3,45.3,30.3
ZCTA5 01097,0,30,55,15
ZCTA5 01098,0.9,19,43.2,37
ZCTA5 01103,6.2,39.6,39.4,14.7
ZCTA5 01104,2.7,33.8,39.5,24
ZCTA5 01105,4.2,41.1,37.3,17.4
ZCTA5 01106,0,23.7,44.4,31.9
ZCTA5 01107,5.5,40.1,35,19.4
ZCTA5 01108,5.2,38.4,38.4,18
ZCTA5 01109,4.7,33.3,39.5,22.5
ZCTA5 01118,1.1,34.4,39.4,25.2
ZCTA5 01119,3.6,25.8,41.4,29.1
ZCTA5 01128,1.5,26,38.4,34.1
ZCTA5 01129,5.1,31,35.7,28.2
ZCTA5 01151,2.4,41.9,35.5,20.2
ZCTA5 01199,-,-,-,-
ZCTA5 01201,3.1,27.9,39.1,29.9
ZCTA5 01220,2.1,29.5,39,29.4
ZCTA5 01222,0,31.5,35,33.5
ZCTA5 01223,0,18.2,49.4,32.4
ZCTA5 01224,0,43.8,56.3,0
ZCTA5 01225,0,20,46.6,33.4
ZCTA5 01226,1.7,20.6,43.4,34.3
ZCTA5 01229,0,0,41.7,58.3
ZCTA5 01230,1.8,19.5,43.2,35.5
ZCTA5 01235,1.4,20.3,48.2,30.1
ZCTA5 01236,22.7,13.6,37.9,25.8
ZCTA5 01237,1.5,15.3,45.5,37.6
ZCTA5 01238,1.3,28,31.8,38.9
ZCTA5 01240,2.2,11.7,28.3,57.8
ZCTA5 01242,0,48.1,20.6,31.3
ZCTA5 01243,0,1.4,70.8,27.8
ZCTA5 01244,0,24.1,19,56.9
ZCTA5 01245,0.8,15.6,39,44.6
ZCTA5 01247,4.3,22.4,41,32.2
ZCTA5 01253,0,10.1,46.6,43.3
ZCTA5 01254,0,17.6,34.1,48.3
ZCTA5 01255,0,20.4,46.5,33.1
ZCTA5 01256,0,17.7,48.1,34.1
ZCTA5 01257,0,15.4,36.4,48.3
ZCTA5 01258,0,15.9,52.8,31.3
ZCTA5 01259,2.4,8.7,49.7,39.2
ZCTA5 01260,0,0,68.6,31.4
ZCTA5 01262,2.4,10,31.4,56.1
ZCTA5 01264,2.5,13.8,30,53.8
ZCTA5 01266,0.9,8,49.5,41.6
ZCTA5 01267,2.5,22.5,35.4,39.6
ZCTA5 01270,0,18.4,50.1,31.5
ZCTA5 01301,1.5,29.9,37.3,31.3
ZCTA5 01330,0,14.1,52.3,33.6
ZCTA5 01331,2,26.6,44.5,26.9
ZCTA5 01337,0,22.9,45.9,31.1
ZCTA5 01338,0,0,60.7,39.3
ZCTA5 01339,1.6,15.5,38.4,44.4
ZCTA5 01340,4.6,17.6,44.3,33.5
ZCTA5 01341,0,19.5,45.6,34.8
ZCTA5 01342,6,14.8,40,39.2
ZCTA5 01343,0,6.9,65.5,27.6
ZCTA5 01344,0.7,19.8,49.5,30
ZCTA5 01346,0,13.1,32.2,54.6
ZCTA5 01347,16.7,37.2,10.3,35.9
ZCTA5 01349,2,37.8,36.8,23.4
ZCTA5 01350,0,26.5,40.8,32.7
ZCTA5 01351,0,25.2,48.4,26.5
ZCTA5 01354,1.6,18.8,43.4,36.3
ZCTA5 01355,0,14.6,53,32.4
ZCTA5 01360,0.8,22.4,45.6,31.2
ZCTA5 01364,1.8,23.5,45.3,29.4
ZCTA5 01366,0,16.1,42.3,41.6
ZCTA5 01367,2.1,23.2,38,36.7
ZCTA5 01368,0,18.4,45.8,35.8
ZCTA5 01370,0.8,21.4,43.3,34.5
ZCTA5 01373,0.2,24.3,45.3,30.2
ZCTA5 01375,13.9,37.9,28.5,19.7
ZCTA5 01376,3.1,25.9,41.1,29.9
ZCTA5 01378,0,15.7,56.5,27.8
ZCTA5 01379,0,22.2,45.4,32.4
ZCTA5 01420,4.9,33,39.2,22.9
ZCTA5 01430,0.3,26.9,50.6,22.1
ZCTA5 01431,0.4,26.6,49.9,23.1
ZCTA5 01432,2.5,34.6,38.5,24.4
ZCTA5 01434,0,32.2,41.4,26.4
ZCTA5 01436,1.1,25.7,44.5,28.7
ZCTA5 01438,0,31.3,68.7,0
ZCTA5 01440,2.5,30.8,41.4,25.3
ZCTA5 01450,0,20.3,55.2,24.4
ZCTA5 01451,0,21.9,51,27
ZCTA5 01452,0,22.7,46.3,30.9
ZCTA5 01453,2.5,31.7,41.9,23.9
ZCTA5 01460,1.2,22.8,52.5,23.4
ZCTA5 01462,1.3,24.6,48.4,25.7
ZCTA5 01463,1.8,21.7,51.2,25.3
ZCTA5 01464,3,12.8,57,27.2
ZCTA5 01467,0,10.8,27,62.2
ZCTA5 01468,0.8,29.1,41.9,28.2
ZCTA5 01469,1.2,27.5,47.6,23.7
ZCTA5 01473,0.9,21.7,50.7,26.8
ZCTA5 01474,0,10.2,64.5,25.3
ZCTA5 01475,0.8,29.1,44.6,25.6
ZCTA5 01501,0.3,25,42.9,31.8
ZCTA5 01503,0,19.7,39.7,40.6
ZCTA5 01504,0,28.9,45,26.1
ZCTA5 01505,1.3,26.2,46.2,26.3
ZCTA5 01506,1.3,25.6,40.5,32.7
ZCTA5 01507,1.3,27.1,49.4,22.2
ZCTA5 01510,4.9,34.8,39.2,21.1
ZCTA5 01515,3.5,30.7,36.9,28.9
ZCTA5 01516,4.9,22.4,51.9,20.8
ZCTA5 01518,0,50.5,25.6,24
ZCTA5 01519,1.2,28.6,51,19.2
ZCTA5 01520,1.2,25.7,46.5,26.6
ZCTA5 01521,0.5,26.3,46.4,26.7
ZCTA5 01522,0.9,25.2,44.3,29.6
ZCTA5 01523,0,22,45.5,32.6
ZCTA5 01524,3.3,20.3,52.8,23.5
ZCTA5 01525,14.3,41,29.5,15.2
ZCTA5 01527,1.7,26.6,45.4,26.4
ZCTA5 01529,0.4,31.7,48.7,19.3
ZCTA5 01531,0,22.4,59.6,18
ZCTA5 01532,0.4,27.9,48.5,23.1
ZCTA5 01534,0,28.7,42.9,28.4
ZCTA5 01535,1.3,25.6,46.4,26.7
ZCTA5 01536,0.3,33,42.7,24
ZCTA5 01537,7.3,37.2,33.8,21.7
ZCTA5 01540,1.8,29.4,47.3,21.5
ZCTA5 01541,0,14.6,52.5,32.9
ZCTA5 01542,0,40.2,33.6,26.2
ZCTA5 01543,1,34.2,45.1,19.8
ZCTA5 01545,0.5,30.2,42.7,26.6
ZCTA5 01550,4.2,32.1,41.8,21.9
ZCTA5 01560,1,35.1,42.9,21
ZCTA5 01561,0,0,0,100
ZCTA5 01562,0.9,24.7,48.7,25.7
ZCTA5 01564,1.8,22.7,48.9,26.7
ZCTA5 01566,0,22.1,48.1,29.8
ZCTA5 01568,0.6,25.4,49.6,24.4
ZCTA5 01569,1,27.2,48.7,23
ZCTA5 01570,3.2,27.8,42.2,26.8
ZCTA5 01571,3.1,23.9,45.2,27.8
ZCTA5 01581,0.9,37.8,40.6,20.7
ZCTA5 01583,1,21.7,42.7,34.7
ZCTA5 01585,5.2,25.8,40.8,28.2
ZCTA5 01588,2.2,28.1,40.4,29.3
ZCTA5 01590,0.4,26.7,48.6,24.3
ZCTA5 01602,4.4,26.5,40.5,28.6
ZCTA5 01603,4.5,33.3,40.3,22
ZCTA5 01604,4.7,39.5,36.3,19.5
ZCTA5 01605,4.5,39.7,33.6,22.2
ZCTA5 01606,1.4,34.5,41.1,23.1
ZCTA5 01607,0.6,39.4,40.9,19
ZCTA5 01608,13.8,50.2,27.9,8.1
ZCTA5 01609,6.4,28.9,35.4,29.2
ZCTA5 01610,6.4,37.5,38.1,18
ZCTA5 01611,0.9,22.6,49.7,26.8
ZCTA5 01612,0,23.7,44.2,32.2
ZCTA5 01701,1.4,26.8,42.7,29.1
ZCTA5 01702,2.8,42.7,35.2,19.4
ZCTA5 01718,0,56.2,33.1,10.7
ZCTA5 01719,2.3,29.4,51.2,17.1
ZCTA5 01720,1,25.4,50.2,23.4
ZCTA5 01721,1.5,30.9,42.5,25.2
ZCTA5 01730,0.9,28.7,42.6,27.7
ZCTA5 01731,3.6,80.5,14.1,1.8
ZCTA5 01740,0.6,26,51.5,21.8
ZCTA5 01741,1.6,16,51.1,31.3
ZCTA5 01742,0.4,19.8,44.1,35.7
ZCTA5 01745,4.8,52.2,29.1,13.9
ZCTA5 01746,0.4,26.2,48.3,25.2
ZCTA5 01747,0,21,50.7,28.3
ZCTA5 01748,0,34.4,43.6,21.9
ZCTA5 01749,1.4,27.7,41,30
ZCTA5 01752,3.6,35,40.2,21.2
ZCTA5 01754,1.2,31.5,41.1,26.3
ZCTA5 01756,0,20.7,49.5,29.8
ZCTA5 01757,2.2,31.7,40.4,25.8
ZCTA5 01760,0.9,33.2,42.4,23.6
ZCTA5 01770,0,17.6,54.4,28
ZCTA5 01772,0.7,22.2,51.7,25.4
ZCTA5 01773,0,14.6,42.8,42.6
ZCTA5 01775,1.9,24.9,44.6,28.5
ZCTA5 01776,0,23.8,49.1,27
ZCTA5 01778,0.2,21.2,47.5,31.2
ZCTA5 01801,1.3,33.7,38.5,26.5
ZCTA5 01803,1.1,30.1,37.3,31.5
ZCTA5 01810,0.7,26.2,48.9,24.2
ZCTA5 01821,1.2,31,42.8,24.9
ZCTA5 01824,2.3,25.6,45.3,26.8
ZCTA5 01826,1.2,29,42.7,27
ZCTA5 01827,1.4,17.9,56.5,24.2
ZCTA5 01830,1.5,36,41,21.5
ZCTA5 01832,1.8,34.9,42.9,20.4
ZCTA5 01833,0.3,25.6,48.5,25.6
ZCTA5 01834,0,21.9,46.9,31.3
ZCTA5 01835,2.3,31.6,48.8,17.3
ZCTA5 01840,3.8,30.2,42.6,23.3
ZCTA5 01841,3.5,38.3,41.1,17.1
ZCTA5 01843,3.2,42.2,34.9,19.7
ZCTA5 01844,1.3,29.6,44.2,24.8
ZCTA5 01845,3.7,27.7,42.3,26.3
ZCTA5 01850,6.8,39.1,38.4,15.8
ZCTA5 01851,4.3,39,42.9,13.8
ZCTA5 01852,2.9,36.3,39.7,21.2
ZCTA5 01854,8.3,32,41.4,18.4
ZCTA5 01860,1.1,16.5,52.6,29.9
ZCTA5 01862,2.3,25.8,47.4,24.5
ZCTA5 01863,1,24.7,42.2,32.1
ZCTA5 01864,0.3,25.2,50.4,24.2
ZCTA5 01867,0.4,26.6,43.7,29.3
ZCTA5 01876,0.3,24.3,48.2,27.2
ZCTA5 01879,0.9,23.8,54.4,21
ZCTA5 01880,0.2,30.5,41.1,28.2
ZCTA5 01886,0.9,25.7,52.2,21.3
ZCTA5 01887,0.8,28.3,45.2,25.8
ZCTA5 01890,0.9,23.7,45.4,30
ZCTA5 01901,2.8,27.5,30.1,39.6
ZCTA5 01902,2.9,40,35.5,21.6
ZCTA5 01904,0.8,34.6,40.5,24
ZCTA5 01905,2.7,36.8,44.1,16.4
ZCTA5 01906,3.1,19.2,46.6,31.1
ZCTA5 01907,0.8,26.1,45.2,28
ZCTA5 01908,0.7,18.1,46.9,34.2
ZCTA5 01913,2.2,28.2,45.6,23.9
ZCTA5 01915,2.3,27.8,43.5,26.5
ZCTA5 01921,0,21,53.1,26
ZCTA5 01922,0,13.6,50.4,36
ZCTA5 01923,1,25.9,41.2,32
ZCTA5 01929,0,20.2,50.8,29
ZCTA5 01930,1.6,22.7,43.2,32.5
ZCTA5 01937,-,-,-,-
ZCTA5 01938,2.2,18.9,43.7,35.3
ZCTA5 01940,0.7,24.8,40.3,34.2
ZCTA5 01944,0,21.4,43.3,35.3
ZCTA5 01945,0.4,19.2,47.5,32.9
ZCTA5 01949,0,15.1,51.6,33.3
ZCTA5 01950,1.1,23,46.9,29
ZCTA5 01951,0,13.8,51.1,35.1
ZCTA5 01952,0.5,21.4,45.5,32.6
ZCTA5 01960,1.2,24.8,39.1,34.9
ZCTA5 01966,0.3,16.2,37.9,45.6
ZCTA5 01969,0,19.5,52.8,27.7
ZCTA5 01970,3.2,34.3,37.1,25.4
ZCTA5 01982,0.8,29.9,47.8,21.5
ZCTA5 01983,0,25.7,38.4,35.9
ZCTA5 01984,1.2,20.8,43.1,34.9
ZCTA5 01985,2.1,16.2,51.7,30.1
ZCTA5 02019,2.2,30,43.5,24.3
ZCTA5 02021,1.3,27.9,40.7,30
ZCTA5 02025,2.3,21,46.6,30.2
ZCTA5 02026,1.2,29.1,40.4,29.4
ZCTA5 02030,0,14.8,59.3,25.9
ZCTA5 02032,0.7,34.9,43.7,20.6
ZCTA5 02035,1.2,28.9,43.1,26.8
ZCTA5 02038,1,27.5,49.3,22.3
ZCTA5 02043,0,20.9,43.2,35.9
ZCTA5 02045,0,16.1,48.3,35.6
ZCTA5 02047,0,13.3,32,54.7
ZCTA5 02048,0.7,32.5,50.6,16.2
ZCTA5 02050,1.3,21.2,47.2,30.3
ZCTA5 02052,0,26.7,49.7,23.7
ZCTA5 02053,1.7,25.1,51.2,22
ZCTA5 02054,0.4,23.4,51.7,24.4
ZCTA5 02056,0,21.9,49.3,28.8
ZCTA5 02061,0,22,51.1,26.9
ZCTA5 02062,1.6,33.2,37.2,28
ZCTA5 02066,0.3,17,48.5,34.2
ZCTA5 02067,0.5,23.9,48.5,27.1
ZCTA5 02071,0,27,38.8,34.2
ZCTA5 02072,0.6,25.9,45.3,28.2
ZCTA5 02081,0.2,27.4,42.9,29.6
ZCTA5 02090,0.4,19.7,47.3,32.6
ZCTA5 02093,0,23.6,53.2,23.2
ZCTA5 02108,2.4,51.7,23.4,22.5
ZCTA5 02109,3.9,52.7,26.1,17.2
ZCTA5 02110,4.6,22.5,37.7,35.1
ZCTA5 02111,10.5,41.6,27.7,20.2
ZCTA5 02113,8.7,65.4,15.6,10.3
ZCTA5 02114,6.1,55.9,21.1,16.9
ZCTA5 02115,18.7,38.6,22.3,20.3
ZCTA5 02116,6.1,44.4,28.5,20.9
ZCTA5 02118,4.8,49.2,28.6,17.5
ZCTA5 02119,4.7,32.8,37.6,24.8
ZCTA5 02120,19.2,37.2,30.8,12.8
ZCTA5 02121,4.2,35.8,40.3,19.7
ZCTA5 02122,3.6,45.3,33.8,17.3
ZCTA5 02124,2.2,37.6,36,24.2
ZCTA5 02125,7.2,41.8,32,19
ZCTA5 02126,1.6,30.2,44.1,24.2
ZCTA5 02127,3.4,57.6,26.3,12.7
ZCTA5 02128,3.1,47.3,32.8,16.8
ZCTA5 02129,2.7,45.2,35.8,16.3
ZCTA5 02130,3.3,46.6,30.4,19.7
ZCTA5 02131,2.2,34.3,43.5,20
ZCTA5 02132,1.2,27.9,39.2,31.7
ZCTA5 02134,19.9,56.5,14.5,9.1
ZCTA5 02135,10.1,51.1,18.7,20.1
ZCTA5 02136,1.4,30.3,44.6,23.7
ZCTA5 02138,5.9,47.1,23.9,23.1
ZCTA5 02139,4.7,52.4,25.8,17.1
ZCTA5 02140,6,49,25.2,19.8
ZCTA5 02141,9.6,52,20.8,17.5
ZCTA5 02142,9.8,55.7,22,12.5
ZCTA5 02143,6.1,55.5,22.9,15.5
ZCTA5 02144,9.3,51.8,21.5,17.3
ZCTA5 02145,5.9,50.5,30.3,13.3
ZCTA5 02148,5.3,40.9,32,21.8
ZCTA5 02149,1.7,39.8,41.6,16.9
ZCTA5 02150,2.5,46.3,35,16.2
ZCTA5 02151,1.9,35,38,25
ZCTA5 02152,1.2,24.8,44,30
ZCTA5 02155,5.9,37.1,34.7,22.3
ZCTA5 02163,1.2,95.7,3.2,0
ZCTA5 02169,2.4,39.4,34.2,24
ZCTA5 02170,3.8,33.2,38.3,24.6
ZCTA5 02171,4.9,34.1,36,25
ZCTA5 02176,2,31.8,37.4,28.8
ZCTA5 02180,1.1,29.6,36.8,32.5
ZCTA5 02184,1.1,31.6,40.5,26.9
ZCTA5 02186,0.5,27.3,41.7,30.5
ZCTA5 02188,0.5,35,33.7,30.8
ZCTA5 02189,2.4,29.8,46.8,21
ZCTA5 02190,0.9,30.4,40.6,28.1
ZCTA5 02191,0.6,22.1,41.9,35.4
ZCTA5 02199,2.5,54.4,20.3,22.9
ZCTA5 02203,0,0,0,100
ZCTA5 02210,3.4,63,26.5,7.1
ZCTA5 02215,19.7,60.1,13.6,6.5
ZCTA5 02301,2.7,34.8,39.9,22.6
ZCTA5 02302,0.8,33.4,44.2,21.6
ZCTA5 02322,0,27.5,46.6,25.9
ZCTA5 02324,4.3,31.9,39.3,24.5
ZCTA5 02330,1.3,22,43.3,33.4
ZCTA5 02332,0.7,17.4,45.4,36.5
ZCTA5 02333,1.5,30.6,41.6,26.3
ZCTA5 02338,2.8,23.1,45.8,28.2
ZCTA5 02339,0,25.2,41.9,32.9
ZCTA5 02341,0.8,22.5,47.6,29.1
ZCTA5 02343,3,28.9,41.2,26.9
ZCTA5 02346,1.2,26.5,44.1,28.1
ZCTA5 02347,0.5,24.2,50,25.4
ZCTA5 02351,1,29.3,48.5,21.2
ZCTA5 02356,0.7,24.7,47.9,26.8
ZCTA5 02357,0,0,45.8,54.2
ZCTA5 02359,0.3,22.7,51.6,25.4
ZCTA5 02360,0.5,23.3,43.3,32.9
ZCTA5 02364,0,27.1,42.7,30.2
ZCTA5 02366,-,-,-,-
ZCTA5 02367,0,22,46.6,31.4
ZCTA5 02368,2.9,28.6,45.2,23.2
ZCTA5 02370,3.2,30.7,41,25.2
ZCTA5 02375,1.1,27.3,44.4,27.3
ZCTA5 02379,1.4,24.3,46.2,28.2
ZCTA5 02382,0.7,31.3,46.5,21.6
ZCTA5 02420,0.2,22.9,44.8,32.1
ZCTA5 02421,0.3,20.4,47.6,31.6
ZCTA5 02445,8,35.9,33.1,23.1
ZCTA5 02446,9.4,42.2,24.9,23.6
ZCTA5 02451,4.2,35.6,34.5,25.8
ZCTA5 02452,2.4,35.6,35.2,26.9
ZCTA5 02453,4.5,43.5,33.5,18.6
ZCTA5 02457,100,0,0,0
ZCTA5 02458,2.2,27.8,44,25.9
ZCTA5 02459,0.5,19.6,43.4,36.5
ZCTA5 02460,2.1,29.1,38.1,30.7
ZCTA5 02461,0,24.1,47.2,28.6
ZCTA5 02462,2.3,16.4,52.3,29
ZCTA5 02464,1.5,34.6,45.8,18.1
ZCTA5 02465,0.4,30,42.7,26.9
ZCTA5 02466,2.4,27.1,37.6,32.9
ZCTA5 02467,2.5,28,33.9,35.6
ZCTA5 02468,0,20.8,44.7,34.5
ZCTA5 02472,1.7,41.1,32.2,25
ZCTA5 02474,0.8,38.2,36.8,24.2
ZCTA5 02476,1.6,31.3,36.3,30.7
ZCTA5 02478,0.5,30.8,40.8,28
ZCTA5 02481,0.2,24.6,48.8,26.4
ZCTA5 02482,0.3,22,43.6,34.2
ZCTA5 02492,0,21.7,43.6,34.7
ZCTA5 02493,0,15.6,50.2,34.1
ZCTA5 02494,3,28.7,39.3,29
ZCTA5 02532,1.2,19.8,44.5,34.6
ZCTA5 02534,0,20.3,44,35.7
ZCTA5 02535,0,17.2,35.4,47.3
ZCTA5 02536,1.4,18.1,39.6,40.9
ZCTA5 02537,1.2,24.5,38.9,35.4
ZCTA5 02538,0,31.9,51.5,16.5
ZCTA5 02539,0,16,47.1,36.9
ZCTA5 02540,1.7,12.9,34.3,51.1
ZCTA5 02542,32.9,62.6,4.5,0
ZCTA5 02543,4.7,16.1,13.1,66.1
ZCTA5 02553,0,0,0,100
ZCTA5 02554,0.9,28.7,46,24.4
ZCTA5 02556,0,18.7,33.3,48
ZCTA5 02557,0,35.6,25.7,38.7
ZCTA5 02558,6.6,12.6,28.3,52.4
ZCTA5 02559,1,15.2,32.2,51.7
ZCTA5 02561,0,24.8,29.2,46
ZCTA5 02562,1.4,23.1,43,32.5
ZCTA5 02563,0.8,13.1,48.6,37.5
ZCTA5 02564,0,0,25.8,74.2
ZCTA5 02568,0,23.9,40.6,35.6
ZCTA5 02571,1,29.2,38.3,31.6
ZCTA5 02575,0,12.3,51.3,36.4
ZCTA5 02576,0,16.2,42.8,40.9
ZCTA5 02584,-,-,-,-
ZCTA5 02601,0.4,31.9,40.3,27.4
ZCTA5 02630,0,14.6,45.9,39.5
ZCTA5 02631,0,12,41.5,46.5
ZCTA5 02632,3.3,19.1,39.9,37.7
ZCTA5 02633,0,10.4,28.4,61.2
ZCTA5 02635,3.3,16.8,41.9,38
ZCTA5 02637,0,15.6,13,71.4
ZCTA5 02638,1,10.4,25.9,62.7
ZCTA5 02639,0,25,43.4,31.6
ZCTA5 02641,0,7.7,7.7,84.6
ZCTA5 02642,2.1,11.6,34.1,52.3
ZCTA5 02643,-,-,-,-
ZCTA5 02644,0,23.4,49.9,26.8
ZCTA5 02645,3.1,16,35.7,45.1
ZCTA5 02646,0,10.9,28.8,60.3
ZCTA5 02647,0,21.2,0,78.8
ZCTA5 02648,0,19.3,50.8,29.9
ZCTA5 02649,0.3,18.7,40.9,40
ZCTA5 02650,0,10.7,41.8,47.5
ZCTA5 02651,0,0,100,0
ZCTA5 02652,0,15.1,29,55.9
ZCTA5 02653,0,12.4,31.6,55.9
ZCTA5 02655,2.5,16.4,33.6,47.5
ZCTA5 02657,0,15.3,50,34.7
ZCTA5 02659,0,13.6,40.6,45.8
ZCTA5 02660,0.2,12.8,35.7,51.3
ZCTA5 02663,0,0,14.1,85.9
ZCTA5 02664,0.8,17.7,34.5,47
ZCTA5 02666,0,0,29.3,70.7
ZCTA5 02667,2.4,9.3,43,45.3
ZCTA5 02668,0,8.7,58.1,33.2
ZCTA5 02669,0,0,0,100
ZCTA5 02670,0,15.9,35.9,48.2
ZCTA5 02671,0,9.4,32.2,58.4
ZCTA5 02672,0,36,18.4,45.6
ZCTA5 02673,0.7,25.7,39.5,34.2
ZCTA5 02675,0.8,8.8,31.9,58.5
ZCTA5 02702,0,23.8,47.8,28.4
ZCTA5 02703,1.4,29.9,42.5,26.3
ZCTA5 02713,0,7.7,53.8,38.5
ZCTA5 02715,2.9,29.9,44.2,23
ZCTA5 02717,1.1,25.3,43.2,30.4
ZCTA5 02718,0,28.3,50.9,20.8
ZCTA5 02719,1.6,23.3,40.5,34.6
ZCTA5 02720,4.1,33.7,39.6,22.6
ZCTA5 02721,4.4,32.3,36.9,26.4
ZCTA5 02723,7.1,33.6,36.8,22.6
ZCTA5 02724,4.9,32.5,39.5,23.1
ZCTA5 02725,0,18.9,42.7,38.3
ZCTA5 02726,0.3,24.2,39.1,36.5
ZCTA5 02738,0,18.1,42.7,39.1
ZCTA5 02739,0,17.7,45.2,37
ZCTA5 02740,5.5,34.5,34.5,25.5
ZCTA5 02743,0.7,24.9,43.3,31.1
ZCTA5 02744,5.9,39.9,33.3,21
ZCTA5 02745,2.4,33.5,39.9,24.1
ZCTA5 02746,7.3,39.7,31.5,21.5
ZCTA5 02747,0,24.7,41.3,34.1
ZCTA5 02748,0,17.8,41.6,40.6
ZCTA5 02760,1.1,33.8,44.2,20.9
ZCTA5 02762,0.4,31.3,42.7,25.6
ZCTA5 02763,0,43.8,43.1,13
ZCTA5 02764,0,31.4,44,24.6
ZCTA5 02766,1.1,24.9,47.5,26.5
ZCTA5 02767,2.3,26.7,38.8,32.2
ZCTA5 02769,1,23.6,52.8,22.6
ZCTA5 02770,0,22.8,51.2,26
ZCTA5 02771,0,26.9,43,30.1
ZCTA5 02777,0.2,24.9,43.9,30.9
ZCTA5 02779,0,29.4,52.4,18.2
ZCTA5 02780,2.1,32.8,41.7,23.4
ZCTA5 02790,0.4,21.1,39.7,38.7
ZCTA5 02791,0,9.8,36.3,53.8
ZCTA5 02802,0,35.2,59.3,5.5
ZCTA5 02804,0,18.3,58.1,23.6
ZCTA5 02806,0.8,21.6,49.3,28.2
ZCTA5 02807,0,13.4,54.5,32
ZCTA5 02808,0,31.8,49.9,18.3
ZCTA5 02809,3.3,25.6,38.6,32.6
ZCTA5 02812,0,20.1,58.6,21.3
ZCTA5 02813,3.4,18.7,44.2,33.6
ZCTA5 02814,0.9,24.8,50.1,24.1
ZCTA5 02815,0,36.6,29.3,34.1
ZCTA5 02816,1.4,26.5,46.5,25.6
ZCTA5 02817,0.8,21.8,55.6,21.9
ZCTA5 02818,0.8,20.5,46,32.7
ZCTA5 02822,4.6,23.6,41.6,30.1
ZCTA5 02825,0,17.8,55,27.2
ZCTA5 02826,0,5.1,47.8,47.2
ZCTA5 02827,0,21.5,52.7,25.8
ZCTA5 02828,1,19.4,43.4,36.1
ZCTA5 02830,1.1,28.8,46.1,24
ZCTA5 02831,0,20.1,51.5,28.4
ZCTA5 02832,0,17.6,52.1,30.3
ZCTA5 02833,0,15.8,52.4,31.8
ZCTA5 02835,0,13.1,50.6,36.3
ZCTA5 02836,0,0,100,0
ZCTA5 02837,0,14.5,40.3,45.2
ZCTA5 02838,2.1,41.3,41.2,15.5
ZCTA5 02839,0,27.1,46.8,26.1
ZCTA5 02840,5.1,31.8,33.5,29.6
ZCTA5 02841,-,-,-,-
ZCTA5 02842,2.3,30.2,37.6,29.9
ZCTA5 02852,0.3,26.5,43.7,29.6
ZCTA5 02857,0.6,15.8,51,32.6
ZCTA5 02858,0,0,88.8,11.2
ZCTA5 02859,1,29.3,50.8,18.9
ZCTA5 02860,3.6,36.4,40.1,19.9
ZCTA5 02861,2.4,33.8,40.7,23.1
ZCTA5 02863,5.2,40.5,39.3,15
ZCTA5 02864,0.3,26.3,45,28.3
ZCTA5 02865,0.7,24.8,43.5,31
ZCTA5 02871,0.9,20.5,43.7,34.8
ZCTA5 02872,0,12.1,25,62.9
ZCTA5 02873,0,19.8,80.2,0
ZCTA5 02874,1.1,23.7,48.4,26.8
ZCTA5 02875,0,45.7,54.3,0
ZCTA5 02876,14.2,40.2,45.7,0
ZCTA5 02878,1.5,20.6,44.6,33.2
ZCTA5 02879,2.1,20.9,42.4,34.6
ZCTA5 02881,18.3,20.9,33.7,27.1
ZCTA5 02882,12.6,15.9,37.3,34.3
ZCTA5 02885,1.3,27.9,43.8,27
ZCTA5 02886,1.9,27.8,37.9,32.4
ZCTA5 02888,0.9,26.8,43.5,28.8
ZCTA5 02889,2.9,24.7,45.3,27.1
ZCTA5 02891,2,25.6,41.3,31.1
ZCTA5 02892,3.4,23.3,47.8,25.4
ZCTA5 02893,2.8,32.4,38.6,26.3
ZCTA5 02894,0,12.9,56.4,30.7
ZCTA5 02895,3.7,36.3,39.2,20.8
ZCTA5 02896,1.1,22.4,42,34.5
ZCTA5 02898,10.8,17.4,32.9,38.9
ZCTA5 02903,7.6,40.9,29.4,22.1
ZCTA5 02904,1.5,31.4,40.9,26.2
ZCTA5 02905,5.8,32.6,38.9,22.7
ZCTA5 02906,7.3,41.3,28.8,22.6
ZCTA5 02907,3.7,44.1,36.1,16.1
ZCTA5 02908,4.2,42.3,36.1,17.5
ZCTA5 02909,5.7,41.7,35.9,16.8
ZCTA5 02910,0.9,35.5,40.7,22.9
ZCTA5 02911,0.7,36.2,40,23.1
ZCTA5 02912,-,-,-,-
ZCTA5 02914,3.1,32.5,35.5,28.9
ZCTA5 02915,3.2,25.7,39.6,31.5
ZCTA5 02916,0.6,30.8,33.9,34.7
ZCTA5 02917,0,23,44.7,32.3
ZCTA5 02919,1.4,26.9,40.5,31.2
ZCTA5 02920,1.1,30.9,35.5,32.5
ZCTA5 02921,0.4,23.2,47.2,29.3
ZCTA5 03031,0,21.2,51.2,27.6
ZCTA5 03032,2.4,27.1,49.9,20.6
ZCTA5 03033,1.8,30.1,52.5,15.6
ZCTA5 03034,1.7,19.2,54.8,24.3
ZCTA5 03036,0.7,23.5,54.5,21.2
ZCTA5 03037,1.4,25.3,48.6,24.7
ZCTA5 03038,2.4,32.1,45.6,19.9
ZCTA5 03042,0,33.1,41.3,25.6
ZCTA5 03043,2.1,18.9,45.8,33.2
ZCTA5 03044,0,27.4,49.7,23
ZCTA5 03045,2.7,30.8,42.7,23.8
ZCTA5 03046,0.5,21.9,58,19.6
ZCTA5 03047,2.6,17.9,47.6,31.9
ZCTA5 03048,1,26.2,49.9,23
ZCTA5 03049,0.6,13.7,59.2,26.5
ZCTA5 03051,1.8,26.5,46.7,25
ZCTA5 03052,2.7,25.7,48.6,23
ZCTA5 03053,0.7,26.9,49.8,22.7
ZCTA5 03054,1.2,30.1,44.2,24.6
ZCTA5 03055,2.1,34.1,41.3,22.5
ZCTA5 03057,2.2,21.1,56.1,20.6
ZCTA5 03060,4.1,33.7,40,22.2
ZCTA5 03062,2.3,27.4,42.6,27.7
ZCTA5 03063,3.8,33.5,39.9,22.8
ZCTA5 03064,4.4,32.8,40.9,21.9
ZCTA5 03070,3.6,35.5,45.5,15.3
ZCTA5 03071,3.9,30.8,39,26.3
ZCTA5 03076,1.2,23.1,50.3,25.4
ZCTA5 03077,2.6,29.8,47.2,20.4
ZCTA5 03079,0.5,27.8,43.3,28.4
ZCTA5 03082,0,19.3,55.8,24.9
ZCTA5 03084,0.6,15.4,51.7,32.2
ZCTA5 03086,0.7,25.7,48.2,25.4
ZCTA5 03087,0,22.9,52.4,24.7
ZCTA5 03101,8.2,45.8,27.3,18.7
ZCTA5 03102,6.7,36.9,34,22.4
ZCTA5 03103,3.5,41.6,36.9,18
ZCTA5 03104,7.8,35.3,37,19.9
ZCTA5 03106,3.8,30.4,42.3,23.5
ZCTA5 03109,1.9,30.2,43.4,24.5
ZCTA5 03110,0.3,24.9,49.6,25.3
ZCTA5 03215,0,6.5,52.2,41.3
ZCTA5 03216,8.1,30.3,38,23.6
ZCTA5 03217,3.1,28.4,33.6,34.9
ZCTA5 03218,0,22.2,57.2,20.5
ZCTA5 03220,5,26.9,44.5,23.5
ZCTA5 03221,2.9,19.9,41.1,36
ZCTA5 03222,3.6,21,42.7,32.6
ZCTA5 03223,4.1,17.5,47.6,30.8
ZCTA5 03224,0.6,27.8,45.6,25.9
ZCTA5 03225,0,29.6,48.1,22.3
ZCTA5 03226,0,15.3,41.3,43.4
ZCTA5 03227,0,11.8,39.5,48.7
ZCTA5 03229,0.5,22,46.4,31.1
ZCTA5 03230,1,23.5,53,22.5
ZCTA5 03231,0,14,45.6,40.4
ZCTA5 03233,0,0,37.7,62.3
ZCTA5 03234,2.9,24.6,45.8,26.8
ZCTA5 03235,5.2,22.6,42.9,29.4
ZCTA5 03237,0,24.4,42.3,33.3
ZCTA5 03238,0,7.7,35.9,56.4
ZCTA5 03240,3.7,22.2,41.3,32.8
ZCTA5 03241,0,9.7,34.8,55.6
ZCTA5 03242,7,26.6,39.9,26.5
ZCTA5 03243,0,21.2,52.8,26
ZCTA5 03244,0.1,26.3,50.6,23.1
ZCTA5 03245,0.8,22.3,45.5,31.5
ZCTA5 03246,2.6,27.6,39.7,30
ZCTA5 03249,0.4,20.4,45.1,34.1
ZCTA5 03251,0,23,34.6,42.4
ZCTA5 03253,1.4,19.9,44,34.7
ZCTA5 03254,0.7,17.6,37.7,44
ZCTA5 03255,3.3,18.9,41.9,35.8
ZCTA5 03256,0,20.6,44.8,34.5
ZCTA5 03257,2.6,18.5,25.6,53.2
ZCTA5 03258,3.9,26.4,47.6,22.1
ZCTA5 03259,0,7.1,48.2,44.7
ZCTA5 03260,0,19.5,43.8,36.7
ZCTA5 03261,0.6,28.9,43.8,26.7
ZCTA5 03262,10.4,18.9,40.9,29.8
ZCTA5 03263,2.3,26.4,48.1,23.1
ZCTA5 03264,1.2,27.4,39.1,32.3
ZCTA5 03266,1.8,21.6,43.8,32.8
ZCTA5 03268,0,20.6,44.8,34.6
ZCTA5 03269,0,20.7,55.2,24.1
ZCTA5 03273,0,39.1,29.1,31.8
ZCTA5 03275,3.4,29.3,42.9,24.4
ZCTA5 03276,3.8,27.4,44.7,24.1
ZCTA5 03278,4,24.4,42.3,29.3
ZCTA5 03279,8.4,11.3,44,36.2
ZCTA5 03280,0.6,17.9,48.2,33.3
ZCTA5 03281,1.1,26.9,54.4,17.6
ZCTA5 03282,1.1,16.3,46.5,36.1
ZCTA5 03284,0,15,44.9,40.2
ZCTA5 03285,0,30.5,35.2,34.3
ZCTA5 03287,2.2,20.1,46.3,31.3
ZCTA5 03290,0,26.1,48.9,25
ZCTA5 03291,0,67.6,0,32.4
ZCTA5 03293,0,48.8,32.6,18.6
ZCTA5 03301,4.9,30.9,37.7,26.5
ZCTA5 03303,3.4,30.7,43.3,22.7
ZCTA5 03304,0,23.6,47.8,28.6
ZCTA5 03307,0,18.5,46.8,34.7
ZCTA5 03431,7,29.2,33.3,30.5
ZCTA5 03440,3.8,27.4,43.8,25
ZCTA5 03441,0,13,42,44.9
ZCTA5 03442,4.6,34.4,44.4,16.6
ZCTA5 03443,0,49,20.9,30.1
ZCTA5 03444,1.4,17,50.9,30.7
ZCTA5 03445,2.1,27.8,44,26.1
ZCTA5 03446,1.3,28.6,41.2,28.9
ZCTA5 03447,2.6,15.5,52.1,29.7
ZCTA5 03448,2.4,19.7,44.2,33.7
ZCTA5 03449,0,11,43.8,45.2
ZCTA5 03450,0,10,49.6,40.3
ZCTA5 03451,5.6,19.5,49.1,25.7
ZCTA5 03452,0.8,24.8,44.7,29.8
ZCTA5 03455,1.1,30,37,32
ZCTA5 03456,0.6,28.4,39.8,31.2
ZCTA5 03457,0,25.7,40.5,33.9
ZCTA5 03458,1.2,23.2,38.4,37.2
ZCTA5 03461,4.6,30.5,36,28.9
ZCTA5 03462,0,24.6,50.5,25
ZCTA5 03464,0,17.9,42.3,39.9
ZCTA5 03465,0.7,27.2,49.7,22.3
ZCTA5 03466,0,14.9,46.5,38.6
ZCTA5 03467,1.2,17.3,51.6,29.9
ZCTA5 03470,4.1,29.8,38.6,27.5
ZCTA5 03561,1.8,29.5,42.7,25.9
ZCTA5 03570,4.1,29.8,35.5,30.5
ZCTA5 03574,0,17.9,54.3,27.7
ZCTA5 03575,0,0,57.1,42.9
ZCTA5 03576,2.7,15.8,45.1,36.4
ZCTA5 03579,0,12.7,43,44.2
ZCTA5 03580,1.9,9.8,48.3,40
ZCTA5 03581,0.1,15.9,46.4,37.5
ZCTA5 03582,4,21.9,41.3,32.7
ZCTA5 03583,6.1,11.9,54.8,27.3
ZCTA5 03584,4.4,27.5,35.5,32.6
ZCTA5 03585,2.7,17.3,48.5,31.6
ZCTA5 03586,1.5,12.1,54,32.4
ZCTA5 03588,5,23.2,45.1,26.7
ZCTA5 03590,2.2,19.1,44.6,34.2
ZCTA5 03592,0.5,16.5,42,41
ZCTA5 03593,3.1,13.3,37.2,46.4
ZCTA5 03595,4.7,17,42.3,36
ZCTA5 03597,9.8,13.1,17,60.1
ZCTA5 03598,3.9,19.7,39.2,37.1
ZCTA5 03601,0,13,59.2,27.7
ZCTA5 03602,0.9,24.2,42.6,32.3
ZCTA5 03603,0.6,25,43.3,31.1
ZCTA5 03604,0,31,46.6,22.4
ZCTA5 03605,0.8,23,50.5,25.8
ZCTA5 03607,0,11.7,35.7,52.6
ZCTA5 03608,2.8,15.5,43.7,37.9
ZCTA5 03609,1.8,42.5,46.5,9.2
ZCTA5 03740,0,22,39.3,38.7
ZCTA5 03741,1.9,28.6,46.6,22.9
ZCTA5 03743,4.2,30,38.5,27.3
ZCTA5 03745,0,13.1,42,44.9
ZCTA5 03746,0,12,42,46
ZCTA5 03748,5.3,25.8,43.2,25.7
ZCTA5 03750,0,21.7,64.5,13.7
ZCTA5 03751,0,33.9,36.1,30
ZCTA5 03752,2.2,30.3,35.7,31.8
ZCTA5 03753,3.4,18.1,44,34.5
ZCTA5 03754,0,100,0,0
ZCTA5 03755,4.7,30.2,33.5,31.6
ZCTA5 03765,0,13.5,52.7,33.9
ZCTA5 03766,6.7,34.6,35.2,23.5
ZCTA5 03768,0,23.1,38.5,38.5
ZCTA5 03770,0,12.7,83.3,4
ZCTA5 03771,1.5,20.6,42.2,35.8
ZCTA5 03773,2.3,28.5,42.3,26.9
ZCTA5 03774,6.4,13.7,46.7,33.2
ZCTA5 03777,5.6,21.1,36.8,36.6
ZCTA5 03779,0,31,39.2,29.8
ZCTA5 03780,0,21.9,41.3,36.8
ZCTA5 03781,0.6,22.1,43.6,33.7
ZCTA5 03782,4.1,26.8,39,30.1
ZCTA5 03784,3.2,31.4,32,33.4
ZCTA5 03785,0.4,22.8,49.6,27.2
ZCTA5 03801,4.1,37.8,34.2,23.9
ZCTA5 03809,0,23.1,45.7,31.2
ZCTA5 03810,0,15.4,32,52.6
ZCTA5 03811,0,20.1,49.5,30.4
ZCTA5 03812,0,8.9,46.1,45
ZCTA5 03813,1.6,33,34.2,31.2
ZCTA5 03814,0,23.6,47.4,29
ZCTA5 03816,2.5,16.1,40.1,41.3
ZCTA5 03817,0,25.5,42.5,32
ZCTA5 03818,0.9,36.4,35.1,27.6
ZCTA5 03819,2.6,26.5,53.1,17.9
ZCTA5 03820,7.5,38.1,31.8,22.6
ZCTA5 03823,0.5,24,59.2,16.3
ZCTA5 03824,27.8,18.4,29.4,24.4
ZCTA5 03825,0.6,31.6,51.7,16.1
ZCTA5 03826,0.9,26.4,54.8,17.9
ZCTA5 03827,0,18.5,47.1,34.4
ZCTA5 03830,6.6,23.3,45.2,24.9
ZCTA5 03832,3.4,25.9,31.3,39.5
ZCTA5 03833,2,23,43,32
ZCTA5 03835,4.8,28,43.3,23.9
ZCTA5 03836,0,9.8,44,46.2
ZCTA5 03837,2.3,37.9,31.9,28
ZCTA5 03838,0,19.6,49.8,30.6
ZCTA5 03839,1.3,32.9,44.9,20.9
ZCTA5 03840,0.7,24.1,50.1,25.1
ZCTA5 03841,3.1,24.1,36.7,36
ZCTA5 03842,1.2,17.9,46.7,34.2
ZCTA5 03844,3.4,19,52.2,25.4
ZCTA5 03845,5.4,13.5,40,41.1
ZCTA5 03846,0,14.1,36.9,49
ZCTA5 03847,0,22.4,32,45.7
ZCTA5 03848,3,20,49.7,27.4
ZCTA5 03849,0,23.7,51,25.2
ZCTA5 03850,0,0,6.6,93.4
ZCTA5 03851,0.9,24.2,51.2,23.7
ZCTA5 03852,0,17,59.6,23.4
ZCTA5 03853,0,9.4,26.8,63.8
ZCTA5 03854,0,7.3,45.6,47
ZCTA5 03855,0,18.7,54.2,27.1
ZCTA5 03856,0,21.3,60.3,18.3
ZCTA5 03857,7.7,37.2,34.5,20.5
ZCTA5 03858,3.2,23.6,48.9,24.2
ZCTA5 03860,4.8,23.8,41.2,30.2
ZCTA5 03861,0,22.1,54.8,23.1
ZCTA5 03862,1.1,18.1,45.4,35.5
ZCTA5 03864,0,18.3,42.6,39.1
ZCTA5 03865,0.9,32,40,27
ZCTA5 03867,4.6,30.7,38.1,26.6
ZCTA5 03868,4.9,23.6,39.4,32.1
ZCTA5 03869,3.5,23.5,46.9,26.1
ZCTA5 03870,0,15.9,46.2,37.9
ZCTA5 03871,0,0,16.3,83.7
ZCTA5 03872,0,20.5,51.3,28.2
ZCTA5 03873,4,25.3,51.8,18.9
ZCTA5 03874,0.2,19.4,43.2,37.2
ZCTA5 03875,1.6,21.2,36.8,40.3
ZCTA5 03878,4.1,34.5,41.1,20.3
ZCTA5 03882,5.2,20.4,44.3,30.1
ZCTA5 03883,0,17.8,82.2,0
ZCTA5 03884,2.8,25.5,50.6,21
ZCTA5 03885,0,21.1,53.6,25.3
ZCTA5 03886,2.6,20.6,51.1,25.7
ZCTA5 03887,1.3,27.6,49.7,21.4
ZCTA5 03890,0,39.6,0,60.4
ZCTA5 03894,1.6,11.6,41.8,45.1
ZCTA5 03901,0.3,34.5,38.3,26.9
ZCTA5 03902,1.9,14.5,52.7,30.9
ZCTA5 03903,0.9,21.3,48.5,29.3
ZCTA5 03904,1.9,33.2,35,29.9
ZCTA5 03905,0,18.8,38.9,42.3
ZCTA5 03906,0,22.2,45.9,31.9
ZCTA5 03907,2.6,11.1,37.3,49
ZCTA5 03908,1.9,33.2,43.6,21.2
ZCTA5 03909,0.9,21,36.7,41.5
ZCTA5 03910,0,0,44.6,55.4
ZCTA5 03911,0,0,0,100
ZCTA5 04001,0.6,25,42.4,32.1
ZCTA5 04002,0.6,23.2,49.6,26.6
ZCTA5 04003,6,0,43.6,50.3
ZCTA5 04005,5.1,32.3,39.1,23.5
ZCTA5 04006,25.5,22.3,22.3,29.8
ZCTA5 04008,0,39.6,36.1,24.3
ZCTA5 04009,3.8,24.5,40.4,31.3
ZCTA5 04010,0.3,19.8,48,31.9
ZCTA5 04011,1.6,22.4,40.5,35.4
ZCTA5 04015,1.4,29,39.3,30.2
ZCTA5 04017,0.9,20.3,28.9,50
ZCTA5 04019,0,0,77.8,22.2
ZCTA5 04020,2.1,18.3,40.1,39.6
ZCTA5 04021,1.1,27.1,44.4,27.3
ZCTA5 04022,2,13,53.9,31
ZCTA5 04024,0,19.4,55.5,25.1
ZCTA5 04027,0,30.8,47.3,21.9
ZCTA5 04029,2.6,24.3,35.8,37.3
ZCTA5 04030,5.4,55.8,26.3,12.5
ZCTA5 04032,1,26.5,45.5,27
ZCTA5 04037,0.6,18.7,47.9,32.8
ZCTA5 04038,2.6,29.9,41.9,25.6
ZCTA5 04039,1.5,35,35.3,28.2
ZCTA5 04040,1.6,16.2,46.8,35.5
ZCTA5 04041,0,27,42.1,30.9
ZCTA5 04042,0,26.1,52.1,21.8
ZCTA5 04043,1.3,14.7,37.5,46.5
ZCTA5 04046,3.4,16.8,47.6,32.2
ZCTA5 04047,4.9,23.2,46.1,25.9
ZCTA5 04048,1.2,27.4,43.9,27.6
ZCTA5 04049,1.2,24,46.5,28.3
ZCTA5 04050,2.1,15.7,40,42.1
ZCTA5 04051,0.5,12.8,49.3,37.4
ZCTA5 04055,0,21.9,46.4,31.7
ZCTA5 04056,0,36.1,35.3,28.6
ZCTA5 04057,0,0,0,100
ZCTA5 04061,2.2,34.6,54.8,8.5
ZCTA5 04062,2,31.1,41.9,25
ZCTA5 04063,0,7,22.5,70.5
ZCTA5 04064,1.5,25.5,45.3,27.8
ZCTA5 04066,2.6,10.6,26.4,60.5
ZCTA5 04068,2.3,16.6,52.1,29
ZCTA5 04069,1.5,23.7,47.6,27.1
ZCTA5 04071,4.1,22.8,43.9,29.1
ZCTA5 04072,3.6,30.9,40.3,25.1
ZCTA5 04073,3.9,32.1,39.4,24.7
ZCTA5 04074,0.6,20.6,46.4,32.3
ZCTA5 04076,1,26.1,45.7,27.2
ZCTA5 04079,0,18.6,41.2,40.2
ZCTA5 04083,8.9,22.2,44.1,24.9
ZCTA5 04084,0.7,25.9,41.1,32.3
ZCTA5 04085,0,43.4,47,9.6
ZCTA5 04086,1.6,26.5,36.9,35
ZCTA5 04087,15.2,22.7,35.4,26.7
ZCTA5 04088,0,24.1,45.8,30.1
ZCTA5 04090,2.7,18.8,40,38.5
ZCTA5 04091,0,19.1,45.3,35.6
ZCTA5 04092,4.6,33.6,36.4,25.3
ZCTA5 04093,2.5,28,44,25.5
ZCTA5 04095,0,19,49.2,31.9
ZCTA5 04096,1.3,18,46.5,34.1
ZCTA5 04097,0,25.4,55,19.6
ZCTA5 04101,7.3,47.7,26.5,18.4
ZCTA5 04102,5.9,41.3,35.6,17.3
ZCTA5 04103,5.2,33.9,38.7,22.2
ZCTA5 04105,0,23.7,46.4,30
ZCTA5 04106,2.1,30.5,40.8,26.6
ZCTA5 04107,1.2,18.7,45.7,34.4
ZCTA5 04108,0,13.6,41.1,45.3
ZCTA5 04109,0,0,46.5,53.5
ZCTA5 04110,0,11.8,42.8,45.3
ZCTA5 04210,5.1,34.6,34.3,26
ZCTA5 04216,0,11.4,35.5,53.1
ZCTA5 04217,1.4,16.3,43.6,38.7
ZCTA5 04219,1.1,17.4,51.2,30.4
ZCTA5 04220,0.8,28.3,43,27.9
ZCTA5 04221,0,24.7,49.7,25.6
ZCTA5 04222,0,37.2,43.7,19.2
ZCTA5 04224,0.4,24.8,44.8,29.9
ZCTA5 04226,3.1,13.8,43.1,40
ZCTA5 04227,0,47.3,43.6,9.1
ZCTA5 04228,-,-,-,-
ZCTA5 04231,0.9,7.2,49.5,42.3
ZCTA5 04234,0,0,55.6,44.4
ZCTA5 04236,3,32.5,42.5,22
ZCTA5 04237,0,5.6,67.4,27
ZCTA5 04238,0,33.6,48.5,17.9
ZCTA5 04239,1.4,31,39.7,27.9
ZCTA5 04240,6,29.3,37.7,27
ZCTA5 04250,8.5,31.9,39.6,20
ZCTA5 04252,2.3,30.3,42.4,25
ZCTA5 04253,1.2,28.7,44.8,25.3
ZCTA5 04254,4.3,32.8,34.9,28
ZCTA5 04255,1.3,21.9,38.4,38.4
ZCTA5 04256,0,31.7,40.1,28.2
ZCTA5 04257,0.6,18.3,41.4,39.8
ZCTA5 04258,1.9,24.8,47.2,26.1
ZCTA5 04259,1.9,29.2,43.5,25.5
ZCTA5 04260,0.7,35.4,48.7,15.3
ZCTA5 04261,0,19.5,50,30.5
ZCTA5 04263,0,28.6,45.9,25.5
ZCTA5 04265,0,22.1,57.6,20.2
ZCTA5 04267,0,0,42.4,57.6
ZCTA5 04268,1.3,27.9,39.3,31.5
ZCTA5 04270,3.8,25.3,43.4,27.5
ZCTA5 04271,-,-,-,-
ZCTA5 04274,1.1,28.4,46.6,23.9
ZCTA5 04275,0,4.3,48.1,47.6
ZCTA5 04276,0.5,18.3,46.8,34.4
ZCTA5 04280,1.5,29.8,43.5,25.2
ZCTA5 04281,2.9,19.6,38.5,39
ZCTA5 04282,4.7,21.2,51.5,22.5
ZCTA5 04284,4.8,18.2,35.8,41.1
ZCTA5 04285,0,11.7,42.5,45.8
ZCTA5 04286,0,100,0,0
ZCTA5 04287,0,18.8,56.5,24.7
ZCTA5 04289,0.4,25.1,42.9,31.5
ZCTA5 04290,0,15,54.8,30.2
ZCTA5 04292,0,32.4,40.2,27.4
ZCTA5 04294,0.4,21.1,45.8,32.6
ZCTA5 04330,5.4,25.3,38.6,30.7
ZCTA5 04342,0.7,22.2,47.7,29.4
ZCTA5 04343,-,-,-,-
ZCTA5 04344,7.1,31.1,39.3,22.5
ZCTA5 04345,2.2,31.7,41.9,24.2
ZCTA5 04346,0.6,30.3,35.2,33.9
ZCTA5 04347,1.7,36.7,25.8,35.8
ZCTA5 04348,0.2,28.4,38.1,33.3
ZCTA5 04349,0,18.5,47.5,34
ZCTA5 04350,0,24.9,44,31
ZCTA5 04351,5.4,21.6,44.1,28.9
ZCTA5 04352,0,26,44.7,29.3
ZCTA5 04353,0,28.8,53.3,17.9
ZCTA5 04354,2.4,22.3,45.8,29.5
ZCTA5 04355,1.9,26,48.6,23.5
ZCTA5 04357,5.2,27.8,44.2,22.7
ZCTA5 04358,0.9,32,44.2,22.9
ZCTA5 04359,0,8.9,53.1,38
ZCTA5 04360,0,17.2,38.4,44.3
ZCTA5 04363,1,33.4,38.5,27.1
ZCTA5 04364,2.6,20.1,47.7,29.6
ZCTA5 04401,3.9,33.9,38.9,23.2
ZCTA5 04406,1.6,19.2,41.4,37.8
ZCTA5 04408,0,19.8,43.2,37
ZCTA5 04410,0.4,25.8,45.6,28.2
ZCTA5 04411,0.9,32,42.5,24.6
ZCTA5 04412,2.7,31.9,38.9,26.5
ZCTA5 04413,0,9.5,50.5,40
ZCTA5 04414,2.7,20.6,40.8,36
ZCTA5 04415,1.6,33.9,25,39.5
ZCTA5 04416,0.5,34.2,27.8,37.6
ZCTA5 04417,0,20.6,32,47.4
ZCTA5 04418,1.5,31.8,42.8,23.9
ZCTA5 04419,1.9,34.3,41.3,22.5
ZCTA5 04421,12.4,13.8,37.3,36.4
ZCTA5 04422,0.4,25.5,55.2,18.9
ZCTA5 04424,0,18.9,35.3,45.8
ZCTA5 04426,2.1,18.6,39.5,39.9
ZCTA5 04427,2.1,23.8,48,26.2
ZCTA5 04428,1,26.8,45.1,27.1
ZCTA5 04429,1.8,20.4,51.2,26.6
ZCTA5 04430,1.1,25,41,33
ZCTA5 04431,0,0,39.1,60.9
ZCTA5 04434,3.2,22.9,44.3,29.6
ZCTA5 04435,0.7,21.3,52.3,25.7
ZCTA5 04438,5.6,32.4,42.5,19.5
ZCTA5 04441,0,16.5,33.8,49.7
ZCTA5 04442,0,0,0,100
ZCTA5 04443,0,16.5,47.9,35.6
ZCTA5 04444,1.3,30.1,43.2,25.5
ZCTA5 04448,0,24.8,36.6,38.7
ZCTA5 04449,1.1,34.1,45.6,19.1
ZCTA5 04450,2.8,24.1,55.3,17.8
ZCTA5 04451,2.6,7.8,56,33.6
ZCTA5 04453,3.3,24,36.1,36.7
ZCTA5 04454,0,0,0,100
ZCTA5 04455,0,25.6,45.9,28.6
ZCTA5 04456,3.4,31.6,39.9,25.1
ZCTA5 04457,1.4,24.7,44.4,29.5
ZCTA5 04459,1,17.7,48.2,33.2
ZCTA5 04460,2.6,19.6,46.2,31.6
ZCTA5 04461,3.1,43.7,34.6,18.6
ZCTA5 04462,0.7,22.9,32.5,43.9
ZCTA5 04463,0.9,24.6,45.4,29.1
ZCTA5 04464,0,19.2,32.7,48.2
ZCTA5 04468,5.1,33.8,35.1,26
ZCTA5 04469,-,-,-,-
ZCTA5 04471,1.3,14.9,45.3,38.5
ZCTA5 04472,2.2,16.8,45.1,36
ZCTA5 04473,22.5,25.9,26.2,25.4
ZCTA5 04474,0.6,18.9,47.2,33.3
ZCTA5 04475,0.9,17.6,46.4,35.2
ZCTA5 04476,1.4,9.2,44.7,44.7
ZCTA5 04478,0,13.7,41.6,44.7
ZCTA5 04479,2.4,11.8,47,38.8
ZCTA5 04481,1.5,19.1,40.7,38.7
ZCTA5 04485,1.2,23.5,23.5,51.9
ZCTA5 04487,0,15.3,53.2,31.6
ZCTA5 04488,3.4,26.3,44.3,25.9
ZCTA5 04489,16,40.4,35.1,8.5
ZCTA5 04490,8,9.8,52.7,29.5
ZCTA5 04491,0,6.9,52.8,40.3
ZCTA5 04492,0,20,38,42
ZCTA5 04493,1.9,22.9,44.1,31.1
ZCTA5 04495,1.6,24.3,47.6,26.5
ZCTA5 04496,4.6,23.3,45.9,26.3
ZCTA5 04497,0,8.2,58.5,33.3
ZCTA5 04530,6.5,26,37.8,29.7
ZCTA5 04535,2.9,29.6,37.6,29.9
ZCTA5 04537,2.3,12.1,46.5,39
ZCTA5 04538,4.3,8.6,34.1,53
ZCTA5 04539,0,14.3,41.4,44.3
ZCTA5 04541,0,0,0,100
ZCTA5 04543,7,26.5,28.8,37.7
ZCTA5 04544,0,3.1,25.1,71.9
ZCTA5 04547,2.5,21.3,36,40.1
ZCTA5 04548,0,14.6,35.8,49.6
ZCTA5 04551,0,22.5,38.9,38.6
ZCTA5 04553,3.5,23,42.6,30.9
ZCTA5 04554,9.2,6.5,26.4,57.9
ZCTA5 04555,0.7,23.8,44.4,31.1
ZCTA5 04556,3.9,17.6,37.6,40.8
ZCTA5 04558,0,23.2,33.7,43.2
ZCTA5 04562,0.6,18.1,44,37.3
ZCTA5 04563,2.1,24.2,34.9,38.8
ZCTA5 04564,0,10.7,70.6,18.7
ZCTA5 04568,0,17,35.8,47.2
ZCTA5 04570,-,-,-,-
ZCTA5 04571,0,49.1,29.3,21.6
ZCTA5 04572,0,21.9,35,43.1
ZCTA5 04573,0,12.6,39.6,47.8
ZCTA5 04574,0,29.8,44.7,25.5
ZCTA5 04575,0,0,0,100
ZCTA5 04576,0,11.9,24.5,63.7
ZCTA5 04578,4,16,49.9,30.2
ZCTA5 04579,1.6,23.1,44.7,30.6
ZCTA5 04605,3.2,27.7,41.8,27.3
ZCTA5 04606,4.3,21.7,36.2,37.9
ZCTA5 04607,1.2,26.5,31.7,40.6
ZCTA5 04609,0.9,30,38.8,30.4
ZCTA5 04611,5.6,22.2,32.2,40
ZCTA5 04612,0,10.5,41.8,47.7
ZCTA5 04613,0,0,78.8,21.2
ZCTA5 04614,1.3,16.5,45.7,36.5
ZCTA5 04616,0,13.8,31.3,54.9
ZCTA5 04617,0.9,14.9,30.7,53.5
ZCTA5 04619,3.1,16.9,41.8,38.2
ZCTA5 04622,1.3,20,41.9,36.8
ZCTA5 04623,6.3,28.3,43.8,21.7
ZCTA5 04624,0,0,28.4,71.6
ZCTA5 04625,0,0,33.3,66.7
ZCTA5 04626,4.2,23.4,40.2,32.2
ZCTA5 04627,0.8,24.9,25.1,49.2
ZCTA5 04628,0,29.3,50,20.7
ZCTA5 04629,-,-,-,-
ZCTA5 04630,3.1,26.2,47.3,23.4
ZCTA5 04631,3.3,14.9,38.5,43.2
ZCTA5 04634,0.4,19.9,45.4,34.3
ZCTA5 04635,33.3,0,16.7,50
ZCTA5 04637,0,14.4,21.1,64.4
ZCTA5 04640,1.1,26.2,41.6,31.2
ZCTA5 04642,0,10.3,41.4,48.3
ZCTA5 04643,0.8,27.3,36.1,35.9
ZCTA5 04644,-,-,-,-
ZCTA5 04645,0,64.3,21.4,14.3
ZCTA5 04646,15.8,23.7,60.5,0
ZCTA5 04648,7.2,26.4,45.8,20.6
ZCTA5 04649,3.8,24.7,34.4,37
ZCTA5 04650,0,5.9,9.2,84.9
ZCTA5 04652,2.3,14.2,42,41.5
ZCTA5 04653,2.7,21.2,57.2,18.8
ZCTA5 04654,4,26.5,35.9,33.5
ZCTA5 04655,4.1,31.6,29.8,34.5
ZCTA5 04657,0,23.3,36.8,39.9
ZCTA5 04658,1.6,23.6,39,35.7
ZCTA5 04660,1.7,20.5,34.2,43.6
ZCTA5 04662,7.4,14.8,36.9,40.9
ZCTA5 04664,0.4,23.3,48.3,28
ZCTA5 04666,1.6,20.2,39.5,38.8
ZCTA5 04667,3.3,27.7,38.7,30.2
ZCTA5 04668,2.6,23.1,50.2,24.1
ZCTA5 04669,0,9.7,31.9,58.3
ZCTA5 04671,6.8,13.9,43,36.3
ZCTA5 04673,0,33.3,49.2,17.5
ZCTA5 04674,0,44,30.2,25.8
ZCTA5 04675,17.2,7.8,39.1,35.9
ZCTA5 04676,0,24,49.4,26.6
ZCTA5 04677,0,26.8,21.4,51.8
ZCTA5 04679,1.8,15.8,37.6,44.9
ZCTA5 04680,3.4,19.7,39.6,37.3
ZCTA5 04681,0.6,26.4,37.6,35.3
ZCTA5 04683,0,0,56.9,43.1
ZCTA5 04684,3,21,43.2,32.8
ZCTA5 04685,0.5,18.5,42.9,38.1
ZCTA5 04686,6.5,25.8,37.1,30.6
ZCTA5 04691,4.3,24.3,32.9,38.6
ZCTA5 04693,1.4,17.6,38.1,42.9
ZCTA5 04694,4.3,25.1,42.1,28.6
ZCTA5 04730,4.1,25.1,39.3,31.5
ZCTA5 04732,1.7,22.1,43.6,32.5
ZCTA5 04733,0,2.4,48.4,49.2
ZCTA5 04734,4.1,25.6,31.3,38.9
ZCTA5 04735,2.3,29.7,39.5,28.5
ZCTA5 04736,2.1,24.5,42.8,30.7
ZCTA5 04739,1.9,13.9,38.3,46
ZCTA5 04740,4.2,24.7,30.3,40.8
ZCTA5 04741,0,0,100,0
ZCTA5 04742,3.4,22,42.3,32.3
ZCTA5 04743,3.7,26.7,38.4,31.3
ZCTA5 04745,1.7,20.1,51.7,26.6
ZCTA5 04746,0,20.7,40.4,38.9
ZCTA5 04747,0,18.1,37.8,44.1
ZCTA5 04750,4.2,24.8,45.3,25.6
ZCTA5 04756,2.3,13.6,31.9,52.2
ZCTA5 04757,0.7,32.1,42,25.3
ZCTA5 04758,6.2,34.7,36.3,22.9
ZCTA5 04760,0.9,10.7,47.3,41
ZCTA5 04761,1.4,20.6,51.9,26.2
ZCTA5 04762,1.3,16.9,47.6,34.2
ZCTA5 04763,5.2,26.6,31.8,36.4
ZCTA5 04764,0,5.6,55.6,38.9
ZCTA5 04765,2.8,13.7,37,46.6
ZCTA5 04766,4.3,25.2,38.7,31.9
ZCTA5 04768,0,15,36.3,48.7
ZCTA5 04769,2.5,28.2,39.7,29.7
ZCTA5 04772,1.9,14.9,50.3,32.9
ZCTA5 04773,0,20.7,46.7,32.7
ZCTA5 04774,0.7,21,38.3,40
ZCTA5 04776,0.5,16.9,44.1,38.5
ZCTA5 04777,0,25.6,52.9,21.5
ZCTA5 04779,0,9.6,26.1,64.3
ZCTA5 04780,1.5,19.7,43.9,34.9
ZCTA5 04781,5.8,27.7,36,30.6
ZCTA5 04783,2.9,18.4,39.6,39.1
ZCTA5 04785,4.6,11.9,46.3,37.2
ZCTA5 04786,3.1,21.8,38,37.2
ZCTA5 04787,1.4,17.7,49.3,31.6
ZCTA5 04841,5,27.5,36.1,31.4
ZCTA5 04843,0,14.7,34.7,50.6
ZCTA5 04847,3.6,25.9,42.9,27.6
ZCTA5 04848,0,20.1,25.9,53.9
ZCTA5 04849,3,20.1,43.2,33.8
ZCTA5 04851,0,14.3,42.9,42.9
ZCTA5 04852,0,31,37.9,31
ZCTA5 04853,0,25.8,31.1,43.1
ZCTA5 04854,0.6,22,36.3,41.1
ZCTA5 04855,0,0,58.9,41.1
ZCTA5 04856,0.9,18.7,37.8,42.7
ZCTA5 04858,1.3,23.4,35.6,39.8
ZCTA5 04859,3.3,15.4,23.7,57.7
ZCTA5 04860,2.9,13.2,31.3,52.6
ZCTA5 04861,1.7,30.4,30.3,37.6
ZCTA5 04862,0.4,26.3,45.1,28.2
ZCTA5 04863,3.7,16.9,43.6,35.8
